Zr1 S2
1.0
3.627592 0.000000 0.000000
-1.813796 3.141587 0.000000
0.000000 0.000000 5.809504
S Zr
2 1
direct
0.666667 0.333333 0.749916 S
0.333333 0.666667 0.250084 S
0.000000 0.000000 0.000000 Zr
Fe1 Br2
1.0
3.530662 0.000000 0.000000
-1.765331 3.057643 0.000000
0.000000 0.000000 5.826966
Fe Br
1 2
direct
0.000000 0.000000 0.000000 Fe
0.666667 0.333333 0.781928 Br
0.333333 0.666667 0.218072 Br
Pb1 I2
1.0
4.527271 0.000000 0.000000
-2.263635 3.920732 0.000000
0.000000 0.000000 6.972789
I Pb
2 1
direct
0.333333 0.666667 0.267713 I
0.666667 0.333333 0.732287 I
0.000000 0.000000 0.000000 Pb
Mg1 I2
1.0
4.130994 0.000000 0.000000
-2.065497 3.577545 0.000000
0.000000 0.000000 6.998959
Mg I
1 2
direct
0.000000 0.000000 0.000000 Mg
0.333333 0.666667 0.761415 I
0.666667 0.333333 0.238585 I
Ca1 I2
1.0
4.434118 0.000000 0.000000
-2.217059 3.840059 0.000000
0.000000 0.000000 7.066356
Ca I
1 2
direct
0.000000 0.000000 0.000000 Ca
0.333333 0.666667 0.249364 I
0.666667 0.333333 0.750636 I
Mg1 Br2
1.0
3.818490 0.000000 0.000000
-1.909245 3.306910 0.000000
0.000000 0.000000 6.530023
Mg Br
1 2
direct
0.000000 0.000000 0.000000 Mg
0.333333 0.666667 0.230365 Br
0.666667 0.333333 0.769635 Br
Cd1 I2
1.0
4.221336 0.000000 0.000000
-2.110668 3.655784 0.000000
0.000000 0.000000 6.870619
Cd I
1 2
direct
0.000000 0.000000 0.000000 Cd
0.333333 0.666667 0.248181 I
0.666667 0.333333 0.751819 I
Mg1 Cl2
1.0
3.617361 0.000000 0.000000
-1.808680 3.132726 0.000000
0.000000 0.000000 6.170556
Mg Cl
1 2
direct
0.000000 0.000000 0.000000 Mg
0.333333 0.666667 0.777613 Cl
0.666667 0.333333 0.222387 Cl
Yb1 I2
1.0
4.382819 0.000000 0.000000
-2.191410 3.795633 0.000000
0.000000 0.000000 7.057747
Yb I
1 2
direct
0.000000 0.000000 0.000000 Yb
0.666667 0.333333 0.752066 I
0.333333 0.666667 0.247934 I
Hf1 S2
1.0
3.591399 0.000000 0.000000
-1.795699 3.110242 0.000000
0.000000 0.000000 5.908525
Hf S
1 2
direct
0.000000 0.000000 0.000000 Hf
0.666667 0.333333 0.244490 S
0.333333 0.666667 0.755510 S
Hf1 Se2
1.0
3.709116 0.000000 0.000000
-1.854558 3.212189 0.000000
0.000000 0.000000 6.163293
Hf Se
1 2
direct
0.000000 0.000000 0.000000 Hf
0.666667 0.333333 0.254753 Se
0.333333 0.666667 0.745247 Se
